547
14148
14896
1966
2131
1858
728
965
2187
4317
4253
3383
2011
1152
6921
1426
10024
6108
5963
2384
4744
1959
16477
2364
1271
1772
15446
1362
1000
3053
2307
625
982
1823
734
2259
838
1395
1432
1697
585
5023
696
522
588
614
1958
16330
898
1961
2647
593
1255
544
978
1832
794
735
1772
515
4327
536
5919
1627
1832
1980
7344
615
740
569
810
607
530
955
618
506
1425
1077
4185
3272
561
574
1964
1532
1554
672
553
538
1139
1407
2752
33165
759
653
620
585
9527
525
1534
555
6481
2546
1081
540
528
869
9895
688
535
1159
2706
655
578
2720
560
896
846
2101
513
584
1052
697
1678
824
800
2352
701
574
680
1212
642
815
877
1244
974
515
865
519
1661
5294
526
2059
1445
